1: -522.176 0.500 1001.500
1: -522.176 0.500 1000.500
2: -415.176 0.500 997.500
2: -411.176 0.500 988.500
2: -410.176 0.500 986.500
2: -414.176 0.500 995.500
3: -311.176 0.500 1000.500
3: -308.176 0.500 990.500
3: -310.176 0.500 996.500
3: -312.176 0.500 1001.500
3: -310.176 0.500 997.500
3: -311.176 0.500 999.500
3: -309.176 0.500 993.500
3: -309.176 0.500 994.500
3: -309.176 0.500 995.500
3: -310.176 0.500 995.500
3: -310.176 0.500 998.500
3: -311.176 0.500 998.500
3: -307.176 0.500 989.500
3: -308.176 0.500 991.500
3: -308.176 0.500 992.500
